1.000 0.000
0.000 -1.000

1.000 0.000
0.000 -1.000

1.000 0.000
0.000 -1.000

1.000 0.000
0.000 -1.000

1.000 0.000
0.000 -1.000

1.000 0.000
0.000 -1.000

0.000
0.125
0.000
0.125
0.000
0.125
0.000
0.125
0.000
0.125
0.000
0.125
0.000
0.125
0.000
0.125
0.000
0.125
0.000
0.125
0.000
0.125
0.000
0.125
0.000
0.125
0.000
0.125
0.000
0.125
0.000
0.125
0.000
0.125
0.000
0.125
0.000
0.125
0.000
0.125
0.000
0.125
0.000
0.125
0.000
0.125
0.000
0.125
0.000
0.125
0.000
0.125
0.000
0.125
0.000
0.125
0.000
0.125
0.000
0.125
0.000
0.125
0.000
0.125
0.000
0.125
0.000
0.125
0.000
0.125
0.000
0.125
0.000
0.125
0.000
0.125
0.000
0.125
0.000
0.125
0.000
0.125
0.000
0.125
0.000
0.125
0.000
0.125
0.000
0.125
0.000
0.125
0.000
0.125
0.000
0.125
0.000
0.125
0.000
0.125
0.000
0.125
0.000
0.125
0.000
0.125
0.000
0.125
0.000
0.125
0.000
0.125
0.000
0.125
0.000
0.125
0.000
0.125
0.000
0.125
0.000
0.125
0.000
0.125
0.000
0.125
0.000
0.125

0
2
3
4
5
6

/*
0.707 0.707
0.707 -0.707

0.250
-0.250
0.250
-0.250
-0.250
0.250
-0.250
0.250
0.250
-0.250
0.250
-0.250
-0.250
0.250
-0.250
0.250

0
*/
